=== Top1 : 174.183 sec (idle max/avg: 100%/75%) (compute2global/compute2rank: 25%/25%), 7474 MB (7474, 0, 0, 0) ===
	u_fwd   : 2
	pack_fwd: 0 =	[]
	
	u_bwd   : 2
	pack_bwd: 1 =	[[0, 1, 2, 3, 4, 5, 6, 7, 8, 9, 10, 11, 12, 13, 14, 15, 16, 17, 18, 19, 20, 21, 22, 23, 24, 25, 26, 27]]
	balanced_time
=== Top2 : 250.294 sec (idle max/avg: 100%/75%) (compute2global/compute2rank: 25%/25%), 4632 MB (4632, 0, 0, 0) ===
	u_fwd   : 1
	pack_fwd: 0 =	[]
	
	u_bwd   : 1
	pack_bwd: 1 =	[[0, 1, 2, 3, 4, 5, 6, 7, 8, 9, 10, 11, 12, 13, 14, 15, 16, 17, 18, 19, 20, 21, 22, 23, 24, 25, 26, 27]]
	balanced_time
=== Top3 : 37.770 sec (idle max/avg: 2%/1%) (compute2global/compute2rank: 96%/96%), 6573 MB (6573, 6465, 6465, 6465) ===
	u_fwd   : 120
	pack_fwd: 24 =	[[0], [1], [2], [3], [4], [5], [6], [7], [8], [9], [10], [11], [12], [13], [14], [15], [16], [17], [18], [19], [20], [21], [22], [23]]
	balanced_time
	u_bwd   : 50
	pack_bwd: 25 =	[[0], [1], [2], [3], [4], [5], [6], [7], [8], [9], [10], [11], [12], [13], [14], [15], [16], [17], [18], [19], [20], [21], [22], [23], [24, 25, 26, 27]]
	balanced_time
=== Top4 : 37.976 sec (idle max/avg: 2%/1%) (compute2global/compute2rank: 95%/96%), 7873 MB (7873, 7745, 7745, 7745) ===
	u_fwd   : 120
	pack_fwd: 24 =	[[0], [1], [2], [3], [4], [5], [6], [7], [8], [9], [10], [11], [12], [13], [14], [15], [16], [17], [18], [19], [20], [21], [22], [23]]
	balanced_time
	u_bwd   : 60
	pack_bwd: 25 =	[[0], [1], [2], [3], [4], [5], [6], [7], [8], [9], [10], [11], [12], [13], [14], [15], [16], [17], [18], [19], [20], [21], [22], [23], [24, 25, 26, 27]]
	balanced_time
=== Top5 : 38.042 sec (idle max/avg: 3%/1%) (compute2global/compute2rank: 94%/96%), 8425 MB (8425, 8425, 8425, 8425) ===
	u_fwd   : 60
	pack_fwd: 8 =	[[0, 1, 2], [3, 4, 5], [6, 7, 8], [9, 10, 11], [12, 13, 14], [15, 16, 17], [18, 19, 20], [21, 22, 23]]
	balanced_time
	u_bwd   : 50
	pack_bwd: 25 =	[[0], [1], [2], [3], [4], [5], [6], [7], [8], [9], [10], [11], [12], [13], [14], [15], [16], [17], [18], [19], [20], [21], [22], [23], [24, 25, 26, 27]]
	balanced_time
=== Top6 : 38.118 sec (idle max/avg: 3%/1%) (compute2global/compute2rank: 94%/95%), 8425 MB (8425, 8425, 8425, 8425) ===
	u_fwd   : 60
	pack_fwd: 8 =	[[0, 1, 2], [3, 4, 5], [6, 7, 8], [9, 10, 11], [12, 13, 14], [15, 16, 17], [18, 19, 20], [21, 22, 23]]
	balanced_time
	u_bwd   : 60
	pack_bwd: 25 =	[[0], [1], [2], [3], [4], [5], [6], [7], [8], [9], [10], [11], [12], [13], [14], [15], [16], [17], [18], [19], [20], [21], [22], [23], [24, 25, 26, 27]]
	balanced_time
=== Top7 : 38.239 sec (idle max/avg: 3%/1%) (compute2global/compute2rank: 94%/95%), 9497 MB (9497, 9497, 9497, 9497) ===
	u_fwd   : 100
	pack_fwd: 12 =	[[0, 1], [2, 3], [4, 5], [6, 7], [8, 9], [10, 11], [12, 13], [14, 15], [16, 17], [18, 19], [20, 21], [22, 23]]
	balanced_time
	u_bwd   : 50
	pack_bwd: 25 =	[[0], [1], [2], [3], [4], [5], [6], [7], [8], [9], [10], [11], [12], [13], [14], [15], [16], [17], [18], [19], [20], [21], [22], [23], [24, 25, 26, 27]]
	balanced_time
=== Top8 : 38.287 sec (idle max/avg: 3%/1%) (compute2global/compute2rank: 94%/95%), 9497 MB (9497, 9497, 9497, 9497) ===
	u_fwd   : 100
	pack_fwd: 12 =	[[0, 1], [2, 3], [4, 5], [6, 7], [8, 9], [10, 11], [12, 13], [14, 15], [16, 17], [18, 19], [20, 21], [22, 23]]
	balanced_time
	u_bwd   : 60
	pack_bwd: 25 =	[[0], [1], [2], [3], [4], [5], [6], [7], [8], [9], [10], [11], [12], [13], [14], [15], [16], [17], [18], [19], [20], [21], [22], [23], [24, 25, 26, 27]]
	balanced_time
=== Top9 : 38.379 sec (idle max/avg: 3%/1%) (compute2global/compute2rank: 94%/95%), 10495 MB (10495, 10495, 10495, 10495) ===
	u_fwd   : 75
	pack_fwd: 8 =	[[0, 1, 2], [3, 4, 5], [6, 7, 8], [9, 10, 11], [12, 13, 14], [15, 16, 17], [18, 19, 20], [21, 22, 23]]
	balanced_time
	u_bwd   : 50
	pack_bwd: 25 =	[[0], [1], [2], [3], [4], [5], [6], [7], [8], [9], [10], [11], [12], [13], [14], [15], [16], [17], [18], [19], [20], [21], [22], [23], [24, 25, 26, 27]]
	balanced_time
=== Top10 : 38.427 sec (idle max/avg: 3%/1%) (compute2global/compute2rank: 94%/95%), 10495 MB (10495, 10495, 10495, 10495) ===
	u_fwd   : 75
	pack_fwd: 8 =	[[0, 1, 2], [3, 4, 5], [6, 7, 8], [9, 10, 11], [12, 13, 14], [15, 16, 17], [18, 19, 20], [21, 22, 23]]
	balanced_time
	u_bwd   : 60
	pack_bwd: 25 =	[[0], [1], [2], [3], [4], [5], [6], [7], [8], [9], [10], [11], [12], [13], [14], [15], [16], [17], [18], [19], [20], [21], [22], [23], [24, 25, 26, 27]]
	balanced_time