=== Top1 : 65.748 sec (idle max/avg: 0%/0%) (compute2global/compute2rank: 92%/92%), 9961 MB (9961) ===
	u_fwd   : 32
	pack_fwd: 19 =	[[0, 1], [2, 3, 4, 5, 6], [7, 8, 9, 10, 11], [12, 13, 14, 15, 16], [17, 18, 19, 20, 21], [22, 23, 24, 25, 26], [27, 28, 29, 30, 31], [32, 33, 34, 35, 36], [37, 38, 39, 40, 41], [42, 43, 44, 45, 46], [47, 48, 49, 50, 51], [52, 53, 54, 55, 56], [57, 58, 59, 60, 61], [62, 63, 64, 65, 66], [67, 68, 69, 70, 71], [72, 73, 74, 75, 76], [77, 78, 79, 80, 81], [82, 83, 84, 85, 86], [87, 88, 89, 90, 91]]
	reuse
	u_bwd   : 16
	pack_bwd: 20 =	[[0, 1], [2, 3, 4, 5, 6], [7, 8, 9, 10, 11], [12, 13, 14, 15, 16], [17, 18, 19, 20, 21], [22, 23, 24, 25, 26], [27, 28, 29, 30, 31], [32, 33, 34, 35, 36], [37, 38, 39, 40, 41], [42, 43, 44, 45, 46], [47, 48, 49, 50, 51], [52, 53, 54, 55, 56], [57, 58, 59, 60, 61], [62, 63, 64, 65, 66], [67, 68, 69, 70, 71], [72, 73, 74, 75, 76], [77, 78, 79, 80, 81], [82, 83, 84, 85, 86], [87, 88, 89, 90, 91], [92, 93, 94, 95, 96, 97, 98, 99]]
	greedy_reverse_addx
=== Top2 : 65.748 sec (idle max/avg: 0%/0%) (compute2global/compute2rank: 92%/92%), 10065 MB (10065) ===
	u_fwd   : 32
	pack_fwd: 14 =	[[0, 1, 2, 3, 4, 5, 6], [7, 8, 9, 10, 11, 12], [13, 14, 15, 16, 17, 18, 19], [20, 21, 22, 23, 24, 25], [26, 27, 28, 29, 30, 31, 32], [33, 34, 35, 36, 37, 38], [39, 40, 41, 42, 43, 44, 45], [46, 47, 48, 49, 50, 51], [52, 53, 54, 55, 56, 57, 58], [59, 60, 61, 62, 63, 64], [65, 66, 67, 68, 69, 70, 71], [72, 73, 74, 75, 76, 77], [78, 79, 80, 81, 82, 83, 84], [85, 86, 87, 88, 89, 90, 91]]
	balanced_addx
	u_bwd   : 16
	pack_bwd: 20 =	[[0, 1], [2, 3, 4, 5, 6], [7, 8, 9, 10, 11], [12, 13, 14, 15, 16], [17, 18, 19, 20, 21], [22, 23, 24, 25, 26], [27, 28, 29, 30, 31], [32, 33, 34, 35, 36], [37, 38, 39, 40, 41], [42, 43, 44, 45, 46], [47, 48, 49, 50, 51], [52, 53, 54, 55, 56], [57, 58, 59, 60, 61], [62, 63, 64, 65, 66], [67, 68, 69, 70, 71], [72, 73, 74, 75, 76], [77, 78, 79, 80, 81], [82, 83, 84, 85, 86], [87, 88, 89, 90, 91], [92, 93, 94, 95, 96, 97, 98, 99]]
	greedy_reverse_addx
=== Top3 : 65.786 sec (idle max/avg: 0%/0%) (compute2global/compute2rank: 92%/92%), 10065 MB (10065) ===
	u_fwd   : 32
	pack_fwd: 14 =	[[0], [1, 2, 3, 4, 5, 6, 7], [8, 9, 10, 11, 12, 13, 14], [15, 16, 17, 18, 19, 20, 21], [22, 23, 24, 25, 26, 27, 28], [29, 30, 31, 32, 33, 34, 35], [36, 37, 38, 39, 40, 41, 42], [43, 44, 45, 46, 47, 48, 49], [50, 51, 52, 53, 54, 55, 56], [57, 58, 59, 60, 61, 62, 63], [64, 65, 66, 67, 68, 69, 70], [71, 72, 73, 74, 75, 76, 77], [78, 79, 80, 81, 82, 83, 84], [85, 86, 87, 88, 89, 90, 91]]
	greedy_reverse_addx
	u_bwd   : 16
	pack_bwd: 20 =	[[0, 1], [2, 3, 4, 5, 6], [7, 8, 9, 10, 11], [12, 13, 14, 15, 16], [17, 18, 19, 20, 21], [22, 23, 24, 25, 26], [27, 28, 29, 30, 31], [32, 33, 34, 35, 36], [37, 38, 39, 40, 41], [42, 43, 44, 45, 46], [47, 48, 49, 50, 51], [52, 53, 54, 55, 56], [57, 58, 59, 60, 61], [62, 63, 64, 65, 66], [67, 68, 69, 70, 71], [72, 73, 74, 75, 76], [77, 78, 79, 80, 81], [82, 83, 84, 85, 86], [87, 88, 89, 90, 91], [92, 93, 94, 95, 96, 97, 98, 99]]
	greedy_reverse_addx
=== Top4 : 65.821 sec (idle max/avg: 0%/0%) (compute2global/compute2rank: 92%/92%), 9961 MB (9961) ===
	u_fwd   : 32
	pack_fwd: 19 =	[[0, 1, 2, 3, 4], [5, 6, 7, 8, 9], [10, 11, 12, 13, 14], [15, 16, 17, 18, 19], [20, 21, 22, 23], [24, 25, 26, 27, 28], [29, 30, 31, 32, 33], [34, 35, 36, 37, 38], [39, 40, 41, 42, 43], [44, 45, 46, 47], [48, 49, 50, 51, 52], [53, 54, 55, 56, 57], [58, 59, 60, 61, 62], [63, 64, 65, 66, 67], [68, 69, 70, 71], [72, 73, 74, 75, 76], [77, 78, 79, 80, 81], [82, 83, 84, 85, 86], [87, 88, 89, 90, 91]]
	reuse
	u_bwd   : 16
	pack_bwd: 20 =	[[0, 1, 2, 3, 4], [5, 6, 7, 8, 9], [10, 11, 12, 13, 14], [15, 16, 17, 18, 19], [20, 21, 22, 23], [24, 25, 26, 27, 28], [29, 30, 31, 32, 33], [34, 35, 36, 37, 38], [39, 40, 41, 42, 43], [44, 45, 46, 47], [48, 49, 50, 51, 52], [53, 54, 55, 56, 57], [58, 59, 60, 61, 62], [63, 64, 65, 66, 67], [68, 69, 70, 71], [72, 73, 74, 75, 76], [77, 78, 79, 80, 81], [82, 83, 84, 85, 86], [87, 88, 89, 90, 91], [92, 93, 94, 95, 96, 97, 98, 99]]
	balanced_addx
=== Top5 : 65.821 sec (idle max/avg: 0%/0%) (compute2global/compute2rank: 92%/92%), 10065 MB (10065) ===
	u_fwd   : 32
	pack_fwd: 14 =	[[0, 1, 2, 3, 4, 5, 6], [7, 8, 9, 10, 11, 12], [13, 14, 15, 16, 17, 18, 19], [20, 21, 22, 23, 24, 25], [26, 27, 28, 29, 30, 31, 32], [33, 34, 35, 36, 37, 38], [39, 40, 41, 42, 43, 44, 45], [46, 47, 48, 49, 50, 51], [52, 53, 54, 55, 56, 57, 58], [59, 60, 61, 62, 63, 64], [65, 66, 67, 68, 69, 70, 71], [72, 73, 74, 75, 76, 77], [78, 79, 80, 81, 82, 83, 84], [85, 86, 87, 88, 89, 90, 91]]
	balanced_addx
	u_bwd   : 16
	pack_bwd: 20 =	[[0, 1, 2, 3, 4], [5, 6, 7, 8, 9], [10, 11, 12, 13, 14], [15, 16, 17, 18, 19], [20, 21, 22, 23], [24, 25, 26, 27, 28], [29, 30, 31, 32, 33], [34, 35, 36, 37, 38], [39, 40, 41, 42, 43], [44, 45, 46, 47], [48, 49, 50, 51, 52], [53, 54, 55, 56, 57], [58, 59, 60, 61, 62], [63, 64, 65, 66, 67], [68, 69, 70, 71], [72, 73, 74, 75, 76], [77, 78, 79, 80, 81], [82, 83, 84, 85, 86], [87, 88, 89, 90, 91], [92, 93, 94, 95, 96, 97, 98, 99]]
	balanced_addx
=== Top6 : 65.859 sec (idle max/avg: 0%/0%) (compute2global/compute2rank: 92%/92%), 10065 MB (10065) ===
	u_fwd   : 32
	pack_fwd: 14 =	[[0], [1, 2, 3, 4, 5, 6, 7], [8, 9, 10, 11, 12, 13, 14], [15, 16, 17, 18, 19, 20, 21], [22, 23, 24, 25, 26, 27, 28], [29, 30, 31, 32, 33, 34, 35], [36, 37, 38, 39, 40, 41, 42], [43, 44, 45, 46, 47, 48, 49], [50, 51, 52, 53, 54, 55, 56], [57, 58, 59, 60, 61, 62, 63], [64, 65, 66, 67, 68, 69, 70], [71, 72, 73, 74, 75, 76, 77], [78, 79, 80, 81, 82, 83, 84], [85, 86, 87, 88, 89, 90, 91]]
	greedy_reverse_addx
	u_bwd   : 16
	pack_bwd: 20 =	[[0, 1, 2, 3, 4], [5, 6, 7, 8, 9], [10, 11, 12, 13, 14], [15, 16, 17, 18, 19], [20, 21, 22, 23], [24, 25, 26, 27, 28], [29, 30, 31, 32, 33], [34, 35, 36, 37, 38], [39, 40, 41, 42, 43], [44, 45, 46, 47], [48, 49, 50, 51, 52], [53, 54, 55, 56, 57], [58, 59, 60, 61, 62], [63, 64, 65, 66, 67], [68, 69, 70, 71], [72, 73, 74, 75, 76], [77, 78, 79, 80, 81], [82, 83, 84, 85, 86], [87, 88, 89, 90, 91], [92, 93, 94, 95, 96, 97, 98, 99]]
	balanced_addx
=== Top7 : 65.983 sec (idle max/avg: 0%/0%) (compute2global/compute2rank: 93%/93%), 10273 MB (10273) ===
	u_fwd   : 16
	pack_fwd: 7 =	[[0, 1, 2, 3, 4, 5, 6, 7], [8, 9, 10, 11, 12, 13, 14, 15, 16, 17, 18, 19, 20, 21], [22, 23, 24, 25, 26, 27, 28, 29, 30, 31, 32, 33, 34, 35], [36, 37, 38, 39, 40, 41, 42, 43, 44, 45, 46, 47, 48, 49], [50, 51, 52, 53, 54, 55, 56, 57, 58, 59, 60, 61, 62, 63], [64, 65, 66, 67, 68, 69, 70, 71, 72, 73, 74, 75, 76, 77], [78, 79, 80, 81, 82, 83, 84, 85, 86, 87, 88, 89, 90, 91]]
	greedy_reverse_addx
	u_bwd   : 16
	pack_bwd: 20 =	[[0, 1], [2, 3, 4, 5, 6], [7, 8, 9, 10, 11], [12, 13, 14, 15, 16], [17, 18, 19, 20, 21], [22, 23, 24, 25, 26], [27, 28, 29, 30, 31], [32, 33, 34, 35, 36], [37, 38, 39, 40, 41], [42, 43, 44, 45, 46], [47, 48, 49, 50, 51], [52, 53, 54, 55, 56], [57, 58, 59, 60, 61], [62, 63, 64, 65, 66], [67, 68, 69, 70, 71], [72, 73, 74, 75, 76], [77, 78, 79, 80, 81], [82, 83, 84, 85, 86], [87, 88, 89, 90, 91], [92, 93, 94, 95, 96, 97, 98, 99]]
	greedy_reverse_addx
=== Top8 : 65.983 sec (idle max/avg: 0%/0%) (compute2global/compute2rank: 93%/93%), 10241 MB (10241) ===
	u_fwd   : 16
	pack_fwd: 7 =	[[0, 1, 2, 3, 4, 5, 6, 7, 8, 9, 10, 11, 12], [13, 14, 15, 16, 17, 18, 19, 20, 21, 22, 23, 24, 25], [26, 27, 28, 29, 30, 31, 32, 33, 34, 35, 36, 37, 38], [39, 40, 41, 42, 43, 44, 45, 46, 47, 48, 49, 50, 51], [52, 53, 54, 55, 56, 57, 58, 59, 60, 61, 62, 63, 64], [65, 66, 67, 68, 69, 70, 71, 72, 73, 74, 75, 76, 77], [78, 79, 80, 81, 82, 83, 84, 85, 86, 87, 88, 89, 90, 91]]
	balanced_addx
	u_bwd   : 16
	pack_bwd: 20 =	[[0, 1], [2, 3, 4, 5, 6], [7, 8, 9, 10, 11], [12, 13, 14, 15, 16], [17, 18, 19, 20, 21], [22, 23, 24, 25, 26], [27, 28, 29, 30, 31], [32, 33, 34, 35, 36], [37, 38, 39, 40, 41], [42, 43, 44, 45, 46], [47, 48, 49, 50, 51], [52, 53, 54, 55, 56], [57, 58, 59, 60, 61], [62, 63, 64, 65, 66], [67, 68, 69, 70, 71], [72, 73, 74, 75, 76], [77, 78, 79, 80, 81], [82, 83, 84, 85, 86], [87, 88, 89, 90, 91], [92, 93, 94, 95, 96, 97, 98, 99]]
	greedy_reverse_addx
=== Top9 : 65.983 sec (idle max/avg: 0%/0%) (compute2global/compute2rank: 93%/93%), 9961 MB (9961) ===
	u_fwd   : 16
	pack_fwd: 19 =	[[0, 1], [2, 3, 4, 5, 6], [7, 8, 9, 10, 11], [12, 13, 14, 15, 16], [17, 18, 19, 20, 21], [22, 23, 24, 25, 26], [27, 28, 29, 30, 31], [32, 33, 34, 35, 36], [37, 38, 39, 40, 41], [42, 43, 44, 45, 46], [47, 48, 49, 50, 51], [52, 53, 54, 55, 56], [57, 58, 59, 60, 61], [62, 63, 64, 65, 66], [67, 68, 69, 70, 71], [72, 73, 74, 75, 76], [77, 78, 79, 80, 81], [82, 83, 84, 85, 86], [87, 88, 89, 90, 91]]
	reuse
	u_bwd   : 16
	pack_bwd: 20 =	[[0, 1], [2, 3, 4, 5, 6], [7, 8, 9, 10, 11], [12, 13, 14, 15, 16], [17, 18, 19, 20, 21], [22, 23, 24, 25, 26], [27, 28, 29, 30, 31], [32, 33, 34, 35, 36], [37, 38, 39, 40, 41], [42, 43, 44, 45, 46], [47, 48, 49, 50, 51], [52, 53, 54, 55, 56], [57, 58, 59, 60, 61], [62, 63, 64, 65, 66], [67, 68, 69, 70, 71], [72, 73, 74, 75, 76], [77, 78, 79, 80, 81], [82, 83, 84, 85, 86], [87, 88, 89, 90, 91], [92, 93, 94, 95, 96, 97, 98, 99]]
	greedy_reverse_addx
=== Top10 : 66.028 sec (idle max/avg: 0%/0%) (compute2global/compute2rank: 93%/93%), 10185 MB (10185) ===
	u_fwd   : 32
	pack_fwd: 13 =	[[0, 1, 2, 3, 4, 5, 6], [7, 8, 9, 10, 11, 12, 13], [14, 15, 16, 17, 18, 19], [20, 21, 22, 23, 24, 25, 26], [27, 28, 29, 30, 31, 32, 33], [34, 35, 36, 37, 38, 39], [40, 41, 42, 43, 44, 45, 46], [47, 48, 49, 50, 51, 52], [53, 54, 55, 56, 57, 58, 59], [60, 61, 62, 63, 64, 65, 66], [67, 68, 69, 70, 71, 72], [73, 74, 75, 76, 77, 78, 79], [80, 81, 82, 83, 84, 85, 86]]
	balanced_time
	u_bwd   : 8
	pack_bwd: 10 =	[[0, 1, 2, 3, 4, 5, 6], [7, 8, 9, 10, 11, 12, 13, 14, 15, 16], [17, 18, 19, 20, 21, 22, 23, 24, 25, 26], [27, 28, 29, 30, 31, 32, 33, 34, 35, 36], [37, 38, 39, 40, 41, 42, 43, 44, 45, 46], [47, 48, 49, 50, 51, 52, 53, 54, 55, 56], [57, 58, 59, 60, 61, 62, 63, 64, 65, 66], [67, 68, 69, 70, 71, 72, 73, 74, 75, 76], [77, 78, 79, 80, 81, 82, 83, 84, 85, 86], [87, 88, 89, 90, 91, 92, 93, 94, 95, 96, 97, 98, 99]]
	greedy_reverse_addx