=== Top1 : 63.653 sec (idle max/avg: 3%/1%) (compute2global/compute2rank: 96%/97%), 8444 MB (8001, 8001, 8444, 8073) ===
	u_fwd   : 32
	pack_fwd: 47 =	[[0, 1, 2], [3, 4], [5, 6], [7, 8], [9, 10], [11, 12], [13, 14], [15, 16], [17, 18], [19, 20], [21, 22], [23, 24], [25, 26], [27, 28], [29, 30], [31, 32], [33, 34], [35, 36], [37, 38], [39, 40], [41, 42], [43, 44], [45, 46], [47, 48], [49, 50], [51, 52], [53, 54], [55, 56], [57, 58], [59, 60], [61, 62], [63, 64], [65, 66], [67, 68], [69, 70], [71, 72], [73, 74], [75, 76], [77, 78], [79, 80], [81, 82], [83, 84], [85, 86], [87, 88], [89, 90], [91, 92], [93, 94]]
	reuse
	u_bwd   : 32
	pack_bwd: 48 =	[[0, 1, 2], [3, 4], [5, 6], [7, 8], [9, 10], [11, 12], [13, 14], [15, 16], [17, 18], [19, 20], [21, 22], [23, 24], [25, 26], [27, 28], [29, 30], [31, 32], [33, 34], [35, 36], [37, 38], [39, 40], [41, 42], [43, 44], [45, 46], [47, 48], [49, 50], [51, 52], [53, 54], [55, 56], [57, 58], [59, 60], [61, 62], [63, 64], [65, 66], [67, 68], [69, 70], [71, 72], [73, 74], [75, 76], [77, 78], [79, 80], [81, 82], [83, 84], [85, 86], [87, 88], [89, 90], [91, 92], [93, 94], [95, 96, 97, 98, 99]]
	greedy_reverse_addx
=== Top2 : 64.136 sec (idle max/avg: 2%/1%) (compute2global/compute2rank: 95%/96%), 9961 MB (9921, 9921, 9921, 9961) ===
	u_fwd   : 16
	pack_fwd: 19 =	[[0, 1, 2, 3, 4], [5, 6, 7, 8, 9], [10, 11, 12, 13, 14], [15, 16, 17, 18, 19], [20, 21, 22, 23], [24, 25, 26, 27, 28], [29, 30, 31, 32, 33], [34, 35, 36, 37, 38], [39, 40, 41, 42, 43], [44, 45, 46, 47], [48, 49, 50, 51, 52], [53, 54, 55, 56, 57], [58, 59, 60, 61, 62], [63, 64, 65, 66, 67], [68, 69, 70, 71], [72, 73, 74, 75, 76], [77, 78, 79, 80, 81], [82, 83, 84, 85, 86], [87, 88, 89, 90, 91]]
	reuse
	u_bwd   : 16
	pack_bwd: 20 =	[[0, 1, 2, 3, 4], [5, 6, 7, 8, 9], [10, 11, 12, 13, 14], [15, 16, 17, 18, 19], [20, 21, 22, 23], [24, 25, 26, 27, 28], [29, 30, 31, 32, 33], [34, 35, 36, 37, 38], [39, 40, 41, 42, 43], [44, 45, 46, 47], [48, 49, 50, 51, 52], [53, 54, 55, 56, 57], [58, 59, 60, 61, 62], [63, 64, 65, 66, 67], [68, 69, 70, 71], [72, 73, 74, 75, 76], [77, 78, 79, 80, 81], [82, 83, 84, 85, 86], [87, 88, 89, 90, 91], [92, 93, 94, 95, 96, 97, 98, 99]]
	balanced_addx
=== Top3 : 64.301 sec (idle max/avg: 2%/1%) (compute2global/compute2rank: 95%/96%), 8444 MB (8001, 8001, 8444, 8073) ===
	u_fwd   : 64
	pack_fwd: 47 =	[[0, 1, 2], [3, 4], [5, 6], [7, 8], [9, 10], [11, 12], [13, 14], [15, 16], [17, 18], [19, 20], [21, 22], [23, 24], [25, 26], [27, 28], [29, 30], [31, 32], [33, 34], [35, 36], [37, 38], [39, 40], [41, 42], [43, 44], [45, 46], [47, 48], [49, 50], [51, 52], [53, 54], [55, 56], [57, 58], [59, 60], [61, 62], [63, 64], [65, 66], [67, 68], [69, 70], [71, 72], [73, 74], [75, 76], [77, 78], [79, 80], [81, 82], [83, 84], [85, 86], [87, 88], [89, 90], [91, 92], [93, 94]]
	reuse
	u_bwd   : 32
	pack_bwd: 48 =	[[0, 1, 2], [3, 4], [5, 6], [7, 8], [9, 10], [11, 12], [13, 14], [15, 16], [17, 18], [19, 20], [21, 22], [23, 24], [25, 26], [27, 28], [29, 30], [31, 32], [33, 34], [35, 36], [37, 38], [39, 40], [41, 42], [43, 44], [45, 46], [47, 48], [49, 50], [51, 52], [53, 54], [55, 56], [57, 58], [59, 60], [61, 62], [63, 64], [65, 66], [67, 68], [69, 70], [71, 72], [73, 74], [75, 76], [77, 78], [79, 80], [81, 82], [83, 84], [85, 86], [87, 88], [89, 90], [91, 92], [93, 94], [95, 96, 97, 98, 99]]
	greedy_reverse_addx
=== Top4 : 64.328 sec (idle max/avg: 2%/1%) (compute2global/compute2rank: 95%/96%), 8073 MB (8073, 8001, 8001, 8001) ===
	u_fwd   : 32
	pack_fwd: 48 =	[[0, 1], [2, 3], [4, 5], [6, 7], [8, 9], [10, 11], [12, 13], [14, 15], [16, 17], [18, 19], [20, 21], [22, 23], [24, 25], [26, 27], [28, 29], [30, 31], [32, 33], [34, 35], [36, 37], [38, 39], [40, 41], [42, 43], [44], [45, 46], [47, 48], [49, 50], [51, 52], [53, 54], [55, 56], [57, 58], [59, 60], [61, 62], [63, 64], [65, 66], [67, 68], [69, 70], [71, 72], [73, 74], [75, 76], [77, 78], [79, 80], [81, 82], [83, 84], [85, 86], [87, 88], [89, 90], [91, 92], [93, 94]]
	reuse
	u_bwd   : 32
	pack_bwd: 49 =	[[0, 1], [2, 3], [4, 5], [6, 7], [8, 9], [10, 11], [12, 13], [14, 15], [16, 17], [18, 19], [20, 21], [22, 23], [24, 25], [26, 27], [28, 29], [30, 31], [32, 33], [34, 35], [36, 37], [38, 39], [40, 41], [42, 43], [44], [45, 46], [47, 48], [49, 50], [51, 52], [53, 54], [55, 56], [57, 58], [59, 60], [61, 62], [63, 64], [65, 66], [67, 68], [69, 70], [71, 72], [73, 74], [75, 76], [77, 78], [79, 80], [81, 82], [83, 84], [85, 86], [87, 88], [89, 90], [91, 92], [93, 94], [95, 96, 97, 98, 99]]
	balanced_addx
=== Top5 : 64.328 sec (idle max/avg: 3%/1%) (compute2global/compute2rank: 95%/96%), 8073 MB (8073, 8001, 8001, 8001) ===
	u_fwd   : 32
	pack_fwd: 48 =	[[0, 1], [2, 3], [4, 5], [6, 7], [8, 9], [10, 11], [12, 13], [14, 15], [16, 17], [18, 19], [20, 21], [22, 23], [24, 25], [26, 27], [28, 29], [30, 31], [32, 33], [34, 35], [36, 37], [38, 39], [40, 41], [42, 43], [44, 45], [46], [47, 48], [49, 50], [51, 52], [53, 54], [55, 56], [57, 58], [59, 60], [61, 62], [63, 64], [65, 66], [67, 68], [69, 70], [71, 72], [73, 74], [75, 76], [77, 78], [79, 80], [81, 82], [83, 84], [85, 86], [87, 88], [89, 90], [91, 92], [93, 94]]
	reuse
	u_bwd   : 32
	pack_bwd: 49 =	[[0, 1], [2, 3], [4, 5], [6, 7], [8, 9], [10, 11], [12, 13], [14, 15], [16, 17], [18, 19], [20, 21], [22, 23], [24, 25], [26, 27], [28, 29], [30, 31], [32, 33], [34, 35], [36, 37], [38, 39], [40, 41], [42, 43], [44, 45], [46], [47, 48], [49, 50], [51, 52], [53, 54], [55, 56], [57, 58], [59, 60], [61, 62], [63, 64], [65, 66], [67, 68], [69, 70], [71, 72], [73, 74], [75, 76], [77, 78], [79, 80], [81, 82], [83, 84], [85, 86], [87, 88], [89, 90], [91, 92], [93, 94], [95, 96, 97, 98, 99]]
	balanced_time
=== Top6 : 64.413 sec (idle max/avg: 3%/1%) (compute2global/compute2rank: 95%/97%), 8849 MB (8849, 8721, 8849, 8721) ===
	u_fwd   : 64
	pack_fwd: 32 =	[[0, 1], [2, 3, 4], [5, 6, 7], [8, 9, 10], [11, 12, 13], [14, 15, 16], [17, 18, 19], [20, 21, 22], [23, 24, 25], [26, 27, 28], [29, 30, 31], [32, 33, 34], [35, 36, 37], [38, 39, 40], [41, 42, 43], [44, 45, 46], [47, 48, 49], [50, 51, 52], [53, 54, 55], [56, 57, 58], [59, 60, 61], [62, 63, 64], [65, 66, 67], [68, 69, 70], [71, 72, 73], [74, 75, 76], [77, 78, 79], [80, 81, 82], [83, 84, 85], [86, 87, 88], [89, 90, 91], [92, 93, 94]]
	greedy_reverse_addx
	u_bwd   : 32
	pack_bwd: 48 =	[[0, 1, 2], [3, 4], [5, 6], [7, 8], [9, 10], [11, 12], [13, 14], [15, 16], [17, 18], [19, 20], [21, 22], [23, 24], [25, 26], [27, 28], [29, 30], [31, 32], [33, 34], [35, 36], [37, 38], [39, 40], [41, 42], [43, 44], [45, 46], [47, 48], [49, 50], [51, 52], [53, 54], [55, 56], [57, 58], [59, 60], [61, 62], [63, 64], [65, 66], [67, 68], [69, 70], [71, 72], [73, 74], [75, 76], [77, 78], [79, 80], [81, 82], [83, 84], [85, 86], [87, 88], [89, 90], [91, 92], [93, 94], [95, 96, 97, 98, 99]]
	greedy_reverse_addx
=== Top7 : 64.417 sec (idle max/avg: 2%/1%) (compute2global/compute2rank: 94%/95%), 10065 MB (10065, 10065, 10065, 10065) ===
	u_fwd   : 32
	pack_fwd: 14 =	[[0], [1, 2, 3, 4, 5, 6, 7], [8, 9, 10, 11, 12, 13, 14], [15, 16, 17, 18, 19, 20, 21], [22, 23, 24, 25, 26, 27, 28], [29, 30, 31, 32, 33, 34, 35], [36, 37, 38, 39, 40, 41, 42], [43, 44, 45, 46, 47, 48, 49], [50, 51, 52, 53, 54, 55, 56], [57, 58, 59, 60, 61, 62, 63], [64, 65, 66, 67, 68, 69, 70], [71, 72, 73, 74, 75, 76, 77], [78, 79, 80, 81, 82, 83, 84], [85, 86, 87, 88, 89, 90, 91]]
	greedy_reverse_addx
	u_bwd   : 16
	pack_bwd: 20 =	[[0, 1], [2, 3, 4, 5, 6], [7, 8, 9, 10, 11], [12, 13, 14, 15, 16], [17, 18, 19, 20, 21], [22, 23, 24, 25, 26], [27, 28, 29, 30, 31], [32, 33, 34, 35, 36], [37, 38, 39, 40, 41], [42, 43, 44, 45, 46], [47, 48, 49, 50, 51], [52, 53, 54, 55, 56], [57, 58, 59, 60, 61], [62, 63, 64, 65, 66], [67, 68, 69, 70, 71], [72, 73, 74, 75, 76], [77, 78, 79, 80, 81], [82, 83, 84, 85, 86], [87, 88, 89, 90, 91], [92, 93, 94, 95, 96, 97, 98, 99]]
	greedy_reverse_addx
=== Top8 : 64.497 sec (idle max/avg: 2%/1%) (compute2global/compute2rank: 94%/95%), 9961 MB (9921, 9921, 9921, 9961) ===
	u_fwd   : 32
	pack_fwd: 19 =	[[0, 1, 2, 3, 4], [5, 6, 7, 8, 9], [10, 11, 12, 13, 14], [15, 16, 17, 18, 19], [20, 21, 22, 23], [24, 25, 26, 27, 28], [29, 30, 31, 32, 33], [34, 35, 36, 37, 38], [39, 40, 41, 42, 43], [44, 45, 46, 47], [48, 49, 50, 51, 52], [53, 54, 55, 56, 57], [58, 59, 60, 61, 62], [63, 64, 65, 66, 67], [68, 69, 70, 71], [72, 73, 74, 75, 76], [77, 78, 79, 80, 81], [82, 83, 84, 85, 86], [87, 88, 89, 90, 91]]
	reuse
	u_bwd   : 16
	pack_bwd: 20 =	[[0, 1, 2, 3, 4], [5, 6, 7, 8, 9], [10, 11, 12, 13, 14], [15, 16, 17, 18, 19], [20, 21, 22, 23], [24, 25, 26, 27, 28], [29, 30, 31, 32, 33], [34, 35, 36, 37, 38], [39, 40, 41, 42, 43], [44, 45, 46, 47], [48, 49, 50, 51, 52], [53, 54, 55, 56, 57], [58, 59, 60, 61, 62], [63, 64, 65, 66, 67], [68, 69, 70, 71], [72, 73, 74, 75, 76], [77, 78, 79, 80, 81], [82, 83, 84, 85, 86], [87, 88, 89, 90, 91], [92, 93, 94, 95, 96, 97, 98, 99]]
	balanced_addx
=== Top9 : 64.577 sec (idle max/avg: 3%/1%) (compute2global/compute2rank: 95%/96%), 8849 MB (8849, 8849, 8849, 8849) ===
	u_fwd   : 64
	pack_fwd: 32 =	[[0, 1, 2], [3, 4, 5], [6, 7, 8], [9, 10, 11], [12, 13, 14], [15, 16, 17], [18, 19, 20], [21, 22, 23], [24, 25, 26], [27, 28, 29], [30, 31, 32], [33, 34, 35], [36, 37], [38, 39, 40], [41, 42, 43], [44, 45, 46], [47, 48, 49], [50, 51, 52], [53, 54, 55], [56, 57, 58], [59, 60, 61], [62, 63, 64], [65, 66, 67], [68, 69, 70], [71, 72, 73], [74, 75, 76], [77, 78, 79], [80, 81, 82], [83, 84, 85], [86, 87, 88], [89, 90, 91], [92, 93, 94]]
	balanced_addx
	u_bwd   : 32
	pack_bwd: 48 =	[[0, 1, 2], [3, 4], [5, 6], [7, 8], [9, 10], [11, 12], [13, 14], [15, 16], [17, 18], [19, 20], [21, 22], [23, 24], [25, 26], [27, 28], [29, 30], [31, 32], [33, 34], [35, 36], [37, 38], [39, 40], [41, 42], [43, 44], [45, 46], [47, 48], [49, 50], [51, 52], [53, 54], [55, 56], [57, 58], [59, 60], [61, 62], [63, 64], [65, 66], [67, 68], [69, 70], [71, 72], [73, 74], [75, 76], [77, 78], [79, 80], [81, 82], [83, 84], [85, 86], [87, 88], [89, 90], [91, 92], [93, 94], [95, 96, 97, 98, 99]]
	greedy_reverse_addx
=== Top10 : 64.577 sec (idle max/avg: 3%/1%) (compute2global/compute2rank: 95%/96%), 8849 MB (8849, 8849, 8849, 8849) ===
	u_fwd   : 64
	pack_fwd: 32 =	[[0, 1, 2], [3, 4, 5], [6, 7, 8], [9, 10, 11], [12, 13, 14], [15, 16, 17], [18, 19, 20], [21, 22, 23], [24, 25, 26], [27, 28, 29], [30, 31, 32], [33, 34, 35], [36, 37, 38], [39, 40, 41], [42, 43, 44], [45, 46], [47, 48, 49], [50, 51, 52], [53, 54, 55], [56, 57, 58], [59, 60, 61], [62, 63, 64], [65, 66, 67], [68, 69, 70], [71, 72, 73], [74, 75, 76], [77, 78, 79], [80, 81, 82], [83, 84, 85], [86, 87, 88], [89, 90, 91], [92, 93, 94]]
	balanced_time
	u_bwd   : 32
	pack_bwd: 48 =	[[0, 1, 2], [3, 4], [5, 6], [7, 8], [9, 10], [11, 12], [13, 14], [15, 16], [17, 18], [19, 20], [21, 22], [23, 24], [25, 26], [27, 28], [29, 30], [31, 32], [33, 34], [35, 36], [37, 38], [39, 40], [41, 42], [43, 44], [45, 46], [47, 48], [49, 50], [51, 52], [53, 54], [55, 56], [57, 58], [59, 60], [61, 62], [63, 64], [65, 66], [67, 68], [69, 70], [71, 72], [73, 74], [75, 76], [77, 78], [79, 80], [81, 82], [83, 84], [85, 86], [87, 88], [89, 90], [91, 92], [93, 94], [95, 96, 97, 98, 99]]
	greedy_reverse_addx